==    FCFS==
-00000011118888888DA3333555555BBB444446666666669999CCCCCCC7777777222
==      RR==
-01010810D81A0385B03845B38645B386945C7826945C726945C7269C76C76C76C76
==    PSJF==
-111100D0A000BBB33334444455555599992228888888CCCCCCC7777777666666666
==Non-PSJF==
-1111000000DABBB33334444455555599992228888888CCCCCCC7777777666666666
== Priority==
-111188888883333B44444BB666666CCCCCCC6665555557777777222AD0000009999
===========================================================

Waiting Time
ID	FCFS	RR	PSJF	NPSJF	Priority
===========================================================
0	0	12	6	4	57	
1	6	7	0	0	0	
2	32	18	2	2	20	
3	10	17	6	6	2	
4	16	28	3	3	0	
5	11	32	12	12	27	
6	16	37	37	37	9	
7	26	28	20	20	14	
8	6	27	33	33	0	
9	19	24	3	3	36	
10	10	3	0	3	47	
11	17	14	0	0	8	
12	21	29	15	15	0	
13	11	2	0	4	50	
===========================================================
Turnaround Time
ID	FCFS	RR	PSJF	NPSJF	Priority
===========================================================
0	6	18	12	10	63	
1	10	11	4	4	4	
2	35	21	5	5	23	
3	14	21	10	10	6	
4	21	33	8	8	5	
5	17	38	18	18	33	
6	25	46	46	46	18	
7	33	35	27	27	21	
8	13	34	40	40	7	
9	23	28	7	7	40	
10	11	4	1	4	48	
11	20	17	3	3	11	
12	28	36	22	22	7	
13	12	3	1	5	51	
===========================================================
